-89.933300 144.393800 2808.000000
-88.509500 178.530800 3090.000000
-88.002200 -107.983300 2747.000000
-86.840000 95.310000 3124.200000
-86.502500 -107.990300 2586.000000
-85.781900 145.719500 2817.000000
-85.000500 -104.995300 2396.000000
-84.818330 -59.635000 1191.000000
-84.395100 140.630800 2645.000000
-83.918330 -60.360000 482.000000
-83.500800 -104.986800 1957.000000
-83.385000 -60.063330 185.000000
-83.166670 -59.575000 163.000000
-82.750000 -58.691670 145.000000
-82.335000 -57.826670 143.000000
-82.080000 101.960000 3444.240000
-82.001000 -110.008200 1746.000000
-81.658000 136.084000 2450.000000
-81.650000 122.600000 2965.704000
-81.605000 -57.888330 132.000000
-81.218330 -57.203330 125.000000
-81.200000 -126.170000 1040.000000
-80.833330 -56.588330 107.000000
-80.620000 -122.630000 1350.000000
-80.430000 -55.980000 104.000000
-80.390000 138.920000 2392.680000
-80.000000 -55.500000 93.000000
-79.670000 -54.891670 85.000000
-79.658000 -45.617000 940.000000
-79.614160 -45.724330 886.000000
-79.446800 -117.963500 1619.000000
-79.383100 -111.239000 1791.000000
-79.347900 -116.290500 1681.000000
-79.268330 -54.201670 75.000000
-79.159700 -104.967200 1842.000000
-79.133000 -122.267000 1495.000000
-79.036200 149.680300 2241.000000
-78.946110 -56.840000 75.000000
-78.840000 -53.473330 71.000000
-78.836900 -116.307100 1739.000000
-78.733000 -111.496600 1675.000000
-78.728000 -114.732200 1783.000000
-78.606110 -55.431670 75.000000
-78.433000 -115.917200 1742.000000
-78.424300 -115.292000 1731.000000
-78.413330 -52.473330 68.000000
-78.332500 -124.484000 1639.000000
-78.310900 -113.788400 1609.000000
-78.300000 -46.283000 730.000000
-78.241940 -54.046940 67.000000
-78.120200 -95.646300 1620.000000
-78.082900 -120.076400 1697.000000
-77.991670 -51.533330 65.000000
-77.957000 -95.962000 1593.000000
-77.937500 -55.978330 61.000000
-77.935000 -55.936110 61.000000
-77.880200 158.458200 2365.000000
-77.880000 158.660000 2261.616000
-77.867220 -52.804170 69.000000
-77.843600 -102.910300 1336.000000
-77.761900 153.381400 2277.000000
-77.683000 -123.995000 1828.000000
-77.611600 -92.248300 1483.000000
-77.578610 -50.579440 58.000000
-77.355000 -56.040000 55.000000
-77.129170 -50.501390 43.000000
-77.059300 -89.137600 1239.000000
-76.952000 -121.220000 2020.000000
-76.770000 -101.738000 1329.000000
-76.097300 -89.017700 1228.000000
-75.933333 7.213000 3145.000000
-75.752833 3.282833 2962.000000
-75.581500 -3.430333 2669.000000
-75.272163 0.537226 3120.000000
-75.265114 6.248196 3150.000000
-75.256470 6.956798 3180.000000
-75.250833 6.501667 3160.000000
-75.250333 -6.000000 2630.000000
-75.247444 4.833094 3090.000000
-75.236252 3.424011 3005.000000
-75.231415 2.713953 2980.000000
-75.227753 7.655268 3210.000000
-75.227386 4.131404 3045.000000
-75.203720 2.012168 2955.000000
-75.181969 8.337033 3235.000000
-75.167333 -0.995000 2480.000000
-75.167333 5.003333 3100.000000
-75.167000 6.498500 3160.000000
-75.146835 1.340370 2925.000000
-75.142113 9.026305 3270.000000
-75.116913 9.723999 3300.000000
-75.084000 6.500000 3160.000000
-75.083667 2.501000 2970.000000
-75.060280 0.722052 2900.000000
-75.056000 0.704017 2899.000000
-75.010000 0.080000 2885.000000
-75.006000 0.081867 2882.000000
-75.004783 0.079533 2890.000000
-75.002667 0.022667 2880.000000
-75.002500 0.007333 2880.000000
-75.002333 0.007000 2882.000000
-75.001700 0.067800 2882.000000
-75.000667 -75.000667 2680.000000
-75.000667 -6.498333 2680.000000
-75.000667 8.005333 2880.000000
-75.000000 -4.496333 2740.000000
-74.997000 0.036167 2880.000000
-74.968450 3.918167 3014.000000
-74.949167 -1.494500 2840.000000
-74.855000 -2.550000 2817.000000
-74.854667 -8.497000 2600.000000
-74.750667 0.999833 2860.000000
-74.667167 4.001667 2980.000000
-74.499500 1.961167 2855.000000
-74.499167 1.960833 2843.000000
-74.449000 -9.180670 2169.000000
-74.399000 7.217500 3161.000000
-74.205000 -9.741667 1439.000000
-71.457222 -9.860722 630.000000
-71.214361 -6.793861 600.000000
-70.706667 -8.426667 35.000000
-70.658610 -8.252500 28.000000
-70.655692 -8.253632 28.000000
-70.600000 -8.300000 35.000000
